"","Date","MeanAirT","TT"
"1",2015-06-24,13.055375,13.055375
"2",2015-06-25,12.44417391,25.49954891
"3",2015-06-26,10.65429167,36.15384058
"4",2015-06-27,10.04670833,46.20054891
"5",2015-06-28,6.950333333,53.150882243
"6",2015-06-29,9.378291667,62.52917391
"7",2015-06-30,13.055375,75.58454891
"8",2015-07-01,12.44417391,88.02872282
"9",2015-07-02,10.65429167,98.68301449
"10",2015-07-03,10.04670833,108.72972282
"11",2015-07-04,6.950333333,115.680056153
"12",2015-07-05,9.378291667,125.05834782
"13",2015-07-06,5.749875,130.80822282
"14",2015-07-07,1.919416667,132.727639487
"15",2015-07-08,2.932458333,135.66009782
"16",2015-07-09,4.713458333,140.373556153
"17",2015-07-10,4.117833333,144.491389486
"18",2015-07-11,0.619083333,145.110472819
"19",2015-07-12,0.318833333,145.429306152
"20",2015-07-13,4.305875,149.735181152
"21",2015-07-14,8.685708333,158.420889485
"22",2015-07-15,12.33391667,170.754806155
"23",2015-07-16,7.863625,178.618431155
"24",2015-07-17,6.426625,185.045056155
"25",2015-07-18,5.072416667,190.117472822
"26",2015-07-19,5.09,195.207472822
"27",2015-07-20,4.531583333,199.739056155
"28",2015-07-21,5.24725,204.986306155
"29",2015-07-22,6.411416667,211.397722822
"30",2015-07-23,9.010833333,220.408556155
"31",2015-07-24,5.815461539,226.224017694
"32",2015-07-25,9.68525463,235.909272324
"33",2015-07-26,13.81759259,249.726864914
"34",2015-07-27,11.4899537,261.216818614
"35",2015-07-28,9.666203704,270.883022318
"36",2015-07-29,6.201319444,277.084341762
"37",2015-07-30,4.191412037,281.275753799
"38",2015-07-31,6.505578704,287.781332503
"39",2015-08-01,8.979537037,296.76086954
"40",2015-08-02,10.00844907,306.76931861
"41",2015-08-03,13.65122685,320.42054546
"42",2015-08-04,12.04212963,332.46267509
"43",2015-08-05,6.342268519,338.804943609
"44",2015-08-06,5.785902778,344.590846387
"45",2015-08-07,6.803032407,351.393878794
"46",2015-08-08,4.121412037,355.515290831
"47",2015-08-09,1.496944444,357.012235275
"48",2015-08-10,3.498518519,360.510753794
"49",2015-08-11,3.325856482,363.836610276
"50",2015-08-12,4.231064815,368.067675091
"51",2015-08-13,8.641388889,376.70906398
"52",2015-08-14,10.30222222,387.0112862
"53",2015-08-15,10.6825,397.6937862
"54",2015-08-16,7.561944444,405.255730644
"55",2015-08-17,7.371342593,412.627073237
"56",2015-08-18,11.32451389,423.951587127
"57",2015-08-19,9.095138889,433.046726016
"58",2015-08-20,6.855069444,439.90179546
"59",2015-08-21,1.403148148,441.304943608
"60",2015-08-21,8.3169,449.621843608
"61",2015-08-22,6.884083333,456.505926941
"62",2015-08-23,6.311333333,462.817260274
"63",2015-08-24,8.77475,471.592010274
"64",2015-08-25,5.405166667,476.997176941
"65",2015-08-26,6.314291667,483.311468608
"66",2015-08-27,6.730958333,490.042426941
"67",2015-08-28,3.666041667,493.708468608
"68",2015-08-29,8.430083333,502.138551941
"69",2015-08-30,6.608958333,508.747510274
"70",2015-08-31,6.535,515.282510274
"71",2015-09-01,6.373041667,521.655551941
"72",2015-09-02,10.640375,532.295926941
"73",2015-09-03,8.295041667,540.590968608
"74",2015-09-04,7.310125,547.901093608
"75",2015-09-05,7.861083333,555.762176941
"76",2015-09-06,6.189333333,561.951510274
"77",2015-09-07,6.68675,568.638260274
"78",2015-09-08,5.412541667,574.050801941
"79",2015-09-09,6.365166667,580.415968608
"80",2015-09-10,10.76241667,591.178385278
"81",2015-09-11,7.372958333,598.551343611
"82",2015-09-12,7.203458333,605.754801944
"83",2015-09-13,8.081583333,613.836385277
"84",2015-09-14,8.012916667,621.849301944
"85",2015-09-15,13.5565,635.405801944
"86",2015-09-16,14.84516667,650.250968614
"87",2015-09-17,14.38354167,664.634510284
"88",2015-09-18,11.56875,676.203260284
"89",2015-09-19,6.903416667,683.106676951
"90",2015-09-20,6.018375,689.125051951
"91",2015-09-21,5.536,694.661051951
"92",2015-09-22,5.940583333,700.601635284
"93",2015-09-23,9.750666667,710.352301951
"94",2015-09-24,8.955416667,719.307718618
"95",2015-09-25,7.424625,726.732343618
"96",2015-09-26,8.088041667,734.820385285
"97",2015-09-27,8.117333333,742.937718618
"98",2015-09-28,8.084916667,751.022635285
"99",2015-09-29,10.90891667,761.931551955
"100",2015-09-30,11.55433333,773.485885285
"101",2015-10-01,14.22058333,787.706468615
"102",2015-10-02,12.466875,800.173343615
"103",2015-10-03,11.75070833,811.924051945
"104",2015-10-04,16.72708333,828.651135275
"105",2015-10-05,10.63125,839.282385275
"106",2015-10-06,16.91370833,856.196093605
"107",2015-10-07,20.85083333,877.046926935
"108",2015-10-08,9.765041667,886.811968602
"109",2015-10-09,9.936791667,896.748760269
"110",2015-10-10,11.31458333,908.063343599
"111",2015-10-11,14.60591667,922.669260269
"112",2015-10-12,16.67308333,939.342343599
"113",2015-10-13,10.98354167,950.325885269
"114",2015-10-14,10.55183333,960.877718599
"115",2015-10-15,10.87558333,971.753301929
"116",2015-10-16,16.69845833,988.451760259
"117",2015-10-17,12.891125,1001.342885259
"118",2015-10-18,15.407125,1016.750010259
"119",2015-10-19,10.754625,1027.504635259
"120",2015-10-20,11.45,1038.954635259
"121",2015-10-21,17.93454167,1056.889176929
"122",2015-10-22,10.87679167,1067.765968599
"123",2015-10-23,11.60783333,1079.373801929
"124",2015-10-24,11.37504167,1090.748843599
"125",2015-10-25,10.27429167,1101.023135269
"126",2015-10-26,14.54629167,1115.569426939
"127",2015-10-27,10.28416667,1125.853593609
"128",2015-10-28,10.52491667,1136.378510279
"129",2015-10-29,8.621416667,1144.999926946
"130",2015-10-30,7.42,1152.419926946
"131",2015-10-31,8.10775,1160.527676946
"132",2015-11-01,9.4714375,1169.999114446
"133",2015-11-02,10.0964375,1180.095551946
"134",2015-11-03,5.4990625,1185.594614446
"135",2015-11-04,12.645125,1198.239739446
"136",2015-11-05,9.9134375,1208.153176946
"137",2015-11-06,9.8025,1217.955676946
"138",2015-11-07,9.5595625,1227.515239446
"139",2015-11-08,15.9605625,1243.475801946
"140",2015-11-09,12.4425625,1255.918364446
"141",2015-11-10,10.9651875,1266.883551946
"142",2015-11-11,11.791625,1278.675176946
"143",2015-11-12,9.284,1287.959176946
"144",2015-11-13,10.030125,1297.989301946
"145",2015-11-14,8.1188125,1306.108114446
"146",2015-11-15,9.54775,1315.655864446
"147",2015-11-16,16.143625,1331.799489446
"148",2015-11-17,11.0594375,1342.858926946
"149",2015-11-18,10.8051875,1353.664114446
"150",2015-11-19,12.122375,1365.786489446
"151",2015-11-20,12.019375,1377.805864446
"152",2015-11-21,20.33475,1398.140614446
"153",2015-11-22,22.26775,1420.408364446
"154",2015-11-23,21.5753125,1441.983676946
"155",2015-11-24,17.353125,1459.336801946
"156",2015-11-25,10.355125,1469.691926946
"157",2015-11-26,9.0275625,1478.719489446
"158",2015-11-27,8.304,1487.023489446
"159",2015-11-28,8.910875,1495.934364446
"160",2015-11-29,14.626,1510.560364446
"161",2015-11-30,13.433125,1523.993489446
"162",2015-12-01,11.1369375,1535.130426946
"163",2015-12-02,12.1320625,1547.262489446
"164",2015-12-03,12.176,1559.438489446
"165",2015-12-04,12.127375,1571.565864446
"166",2015-12-05,16.363375,1587.929239446
"167",2015-12-06,17.3315,1605.260739446
"168",2015-12-07,21.330875,1626.591614446
"169",2015-12-08,18.7003125,1645.291926946
"170",2015-12-09,17.6260625,1662.917989446
"171",2015-12-10,25.090625,1688.008614446
"172",2015-12-11,15.946875,1703.955489446
"173",2015-12-12,25.3705625,1729.326051946
"174",2015-12-13,31.27625,1760.602301946
"175",2015-12-14,14.6475625,1775.249864446
"176",2015-12-15,14.9051875,1790.155051946
"177",2015-12-16,16.971875,1807.126926946
"178",2015-12-17,21.908875,1829.035801946
"179",2015-12-18,25.009625,1854.045426946
"180",2015-12-19,16.4753125,1870.520739446
"181",2015-12-20,15.82775,1886.348489446
"182",2015-12-21,16.313375,1902.661864446
"183",2015-12-22,25.0476875,1927.709551946
"184",2015-12-23,19.3366875,1947.046239446
"185",2015-12-24,23.1106875,1970.156926946
"186",2015-12-25,16.1319375,1986.288864446
"187",2015-12-26,17.175,2003.463864446
"188",2015-12-27,26.9018125,2030.365676946
"189",2015-12-28,16.3151875,2046.680864446
"190",2015-12-29,17.41175,2064.092614446
"191",2015-12-30,17.0625625,2081.155176946
"192",2015-12-31,15.4114375,2096.566614446
